route_id,service_id,trip_id,trip_headsign,trip_short_name,direction_id
GDR_G1,1,1,,,0
GDR_G1,1,2,,,0
GDR_G1,1,3,,,0
GDR_G1,1,4,,,0
GDR_G1,1,5,,,0
GDR_G1,1,6,,,0
GDR_G1,1,7,,,0
GDR_G1,1,8,,,0
GDR_G1,1,9,,,0
GDR_G1,1,10,,,0
GDR_G1,1,11,,,0
GDR_G1,1,12,,,0
GDR_G1,1,13,,,0
GDR_G1,1,14,,,0
GDR_G1,1,15,,,0
GDR_G1,1,16,,,0
GDR_G1,1,17,,,0
GDR_G1,1,18,,,0
GDR_G1,1,19,,,0
GDR_G1,1,20,,,0
GDR_G1,1,21,,,0
GDR_G1,1,22,,,0
GDR_G1,1,23,,,0
GDR_G1,1,24,,,0
GDR_G1,1,25,,,0
GDR_G1,1,26,,,0
GDR_G1,1,27,,,0
GDR_G1,1,28,,,0
GDR_G1,1,29,,,0
GDR_G1,1,30,,,0
GDR_G1,1,31,,,0
GDR_G1,1,32,,,0
GDR_G1,1,33,,,0
GDR_G1,1,34,,,0
GDR_G1,1,35,,,0
GDR_G1,1,36,,,0
GDR_G1,1,37,,,0
GDR_G1,1,38,,,0
GDR_G1,1,39,,,0
GDR_G1,1,40,,,0
GDR_G1,1,41,,,0
GDR_G1,1,42,,,0
GDR_G1,1,43,,,0
GDR_G1,1,44,,,0
GDR_G1,1,45,,,0
GDR_G1,1,46,,,0
GDR_G1,1,47,,,0
GDR_G1,1,48,,,0
GDR_G1,1,49,,,0
GDR_G1,1,50,,,0
GDR_G1,1,51,,,0
GDR_G1,1,52,,,0
GDR_G1,1,53,,,0
GDR_G1,1,54,,,0
GDR_G1,1,55,,,0
GDR_G1,1,56,,,0
GDR_G1,1,57,,,0
GDR_G1,1,58,,,0
GDR_G1,1,59,,,0
GDR_G1,1,60,,,0
GDR_G1,1,61,,,0
GDR_G1,1,62,,,0
GDR_G1,1,63,,,0
GDR_G1,1,64,,,0
GDR_G1,1,65,,,0
GDR_G1,1,66,,,0
GDR_G1,1,67,,,0
GDR_G1,1,68,,,0
GDR_G1,1,69,,,0
GDR_G1,1,70,,,0
GDR_G1,1,71,,,0
GDR_G1,1,72,,,0
GDR_G1,1,73,,,0
GDR_G1,1,74,,,0
GDR_G1,1,75,,,0
GDR_G1,1,76,,,0
GDR_G1,1,77,,,0
GDR_G1,1,78,,,0
GDR_G1,1,79,,,0
GDR_G1,1,80,,,0
GDR_G1,1,81,,,0
GDR_G1,1,82,,,0
GDR_G1,1,83,,,0
GDR_G1,1,84,,,0
GDR_G1,1,85,,,0
GDR_G1,1,86,,,0
GDR_G1,1,87,,,0
GDR_G1,1,88,,,0
GDR_G1,1,89,,,0
GDR_G1,1,90,,,0
GDR_G1,1,91,,,0
GDR_G1,1,92,,,0
GDR_G1,1,93,,,0
GDR_G1,1,94,,,0
GDR_G1,1,95,,,0
GDR_G1,1,96,,,0
GDR_G1,1,97,,,0
GDR_G1,1,98,,,0
GDR_G1,1,99,,,0
GDR_G1,1,100,,,0
GDR_G1,1,101,,,0
GDR_G1,1,102,,,0
GDR_G1,1,103,,,0
GDR_G1,1,104,,,0
GDR_G1,1,105,,,0
GDR_G1,1,106,,,0
GDR_G1,1,107,,,0
GDR_G1,1,108,,,0
GDR_G1,1,109,,,0
GDR_G1,1,110,,,0
GDR_G1,1,111,,,0
GDR_G1,1,112,,,0
GDR_G1,1,113,,,0
GDR_G1,1,114,,,0
GDR_G1,1,115,,,0
GDR_G1,1,116,,,0
GDR_G1,1,117,,,0
GDR_G1,1,118,,,0
GDR_G1,1,119,,,0
GDR_G1,1,120,,,0
GDR_G1,1,121,,,0
GDR_G1,1,122,,,0
GDR_G1,1,123,,,0
GDR_G1,1,124,,,0
GDR_G1,1,125,,,0
GDR_G1,1,126,,,1
GDR_G1,1,127,,,1
GDR_G1,1,128,,,1
GDR_G1,1,129,,,1
GDR_G1,1,130,,,1
GDR_G1,1,131,,,1
GDR_G1,1,132,,,1
GDR_G1,1,133,,,1
GDR_G1,1,134,,,1
GDR_G1,1,135,,,1
GDR_G1,1,136,,,1
GDR_G1,1,137,,,1
GDR_G1,1,138,,,1
GDR_G1,1,139,,,1
GDR_G1,1,140,,,1
GDR_G1,1,141,,,1
GDR_G1,1,142,,,1
GDR_G1,1,143,,,1
GDR_G1,1,144,,,1
GDR_G1,1,145,,,1
GDR_G1,1,146,,,1
GDR_G1,1,147,,,1
GDR_G1,1,148,,,1
GDR_G1,1,149,,,1
GDR_G1,1,150,,,1
GDR_G1,1,151,,,1
GDR_G1,1,152,,,1
GDR_G1,1,153,,,1
GDR_G1,1,154,,,1
GDR_G1,1,155,,,1
GDR_G1,1,156,,,1
GDR_G1,1,157,,,1
GDR_G1,1,158,,,1
GDR_G1,1,159,,,1
GDR_G1,1,160,,,1
GDR_G1,1,161,,,1
GDR_G1,1,162,,,1
GDR_G1,1,163,,,1
GDR_G1,1,164,,,1
GDR_G1,1,165,,,1
GDR_G1,1,166,,,1
GDR_G1,1,167,,,1
GDR_G1,1,168,,,1
GDR_G1,1,169,,,1
GDR_G1,1,170,,,1
GDR_G1,1,171,,,1
GDR_G1,1,172,,,1
GDR_G1,1,173,,,1
GDR_G1,1,174,,,1
GDR_G1,1,175,,,1
GDR_G1,1,176,,,1
GDR_G1,1,177,,,1
GDR_G1,1,178,,,1
GDR_G1,1,179,,,1
GDR_G1,1,180,,,1
GDR_G1,1,181,,,1
GDR_G1,1,182,,,1
GDR_G1,1,183,,,1
GDR_G1,1,184,,,1
GDR_G1,1,185,,,1
GDR_G1,1,186,,,1
GDR_G1,1,187,,,1
GDR_G1,1,188,,,1
GDR_G1,1,189,,,1
GDR_G1,1,190,,,1
GDR_G1,1,191,,,1
GDR_G1,1,192,,,1
GDR_G1,1,193,,,1
GDR_G1,1,194,,,1
GDR_G1,1,195,,,1
GDR_G1,1,196,,,1
GDR_G1,1,197,,,1
GDR_G1,1,198,,,1
GDR_G1,1,199,,,1
GDR_G1,1,200,,,1
GDR_G1,1,201,,,1
GDR_G1,1,202,,,1
GDR_G1,1,203,,,1
GDR_G1,1,204,,,1
GDR_G1,1,205,,,1
GDR_G1,1,206,,,1
GDR_G1,1,207,,,1
GDR_G1,1,208,,,1
GDR_G1,1,209,,,1
GDR_G1,1,210,,,1
GDR_G1,1,211,,,1
GDR_G1,1,212,,,1
GDR_G1,1,213,,,1
GDR_G1,1,214,,,1
GDR_G1,1,215,,,1
GDR_G1,1,216,,,1
GDR_G1,1,217,,,1
GDR_G1,1,218,,,1
GDR_G1,1,219,,,1
GDR_G1,1,220,,,1
GDR_G1,1,221,,,1
GDR_G1,1,222,,,1
GDR_G1,1,223,,,1
GDR_G1,1,224,,,1
GDR_G1,1,225,,,1
GDR_G1,1,226,,,1
GDR_G1,1,227,,,1
GDR_G1,1,228,,,1
GDR_G1,1,229,,,1
GDR_G1,1,230,,,1
GDR_G1,1,231,,,1
GDR_G1,1,232,,,1
GDR_G1,1,233,,,1
GDR_G1,1,234,,,1
GDR_G1,1,235,,,1
GDR_G1,1,236,,,1
GDR_G1,1,237,,,1
GDR_G1,1,238,,,1
GDR_G1,1,239,,,1
GDR_G1,1,240,,,1
GDR_G1,1,241,,,1
GDR_G1,1,242,,,1
GDR_G1,1,243,,,1
GDR_G1,1,244,,,1
GDR_G1,1,245,,,1
GDR_G1,1,246,,,1
GDR_G1,1,247,,,1
GDR_G1,1,248,,,1
GDR_G1,1,249,,,1
GDR_G1,1,250,,,1
GDR_G1,1,251,,,1
GDR_G1,2,252,,,0
GDR_G1,2,253,,,0
GDR_G1,2,254,,,0
GDR_G1,2,255,,,0
GDR_G1,2,256,,,0
GDR_G1,2,257,,,0
GDR_G1,2,258,,,0
GDR_G1,2,259,,,0
GDR_G1,2,260,,,0
GDR_G1,2,261,,,0
GDR_G1,2,262,,,0
GDR_G1,2,263,,,0
GDR_G1,2,264,,,0
GDR_G1,2,265,,,0
GDR_G1,2,266,,,0
GDR_G1,2,267,,,0
GDR_G1,2,268,,,0
GDR_G1,2,269,,,0
GDR_G1,2,270,,,0
GDR_G1,2,271,,,0
GDR_G1,2,272,,,0
GDR_G1,2,273,,,0
GDR_G1,2,274,,,0
GDR_G1,2,275,,,0
GDR_G1,2,276,,,0
GDR_G1,2,277,,,0
GDR_G1,2,278,,,0
GDR_G1,2,279,,,0
GDR_G1,2,280,,,0
GDR_G1,2,281,,,0
GDR_G1,2,282,,,0
GDR_G1,2,283,,,0
GDR_G1,2,284,,,0
GDR_G1,2,285,,,0
GDR_G1,2,286,,,0
GDR_G1,2,287,,,0
GDR_G1,2,288,,,0
GDR_G1,2,289,,,0
GDR_G1,2,290,,,0
GDR_G1,2,291,,,0
GDR_G1,2,292,,,0
GDR_G1,2,293,,,0
GDR_G1,2,294,,,0
GDR_G1,2,295,,,0
GDR_G1,2,296,,,0
GDR_G1,2,297,,,0
GDR_G1,2,298,,,0
GDR_G1,2,299,,,0
GDR_G1,2,300,,,0
GDR_G1,2,301,,,0
GDR_G1,2,302,,,0
GDR_G1,2,303,,,0
GDR_G1,2,304,,,0
GDR_G1,2,305,,,0
GDR_G1,2,306,,,0
GDR_G1,2,307,,,0
GDR_G1,2,308,,,0
GDR_G1,2,309,,,0
GDR_G1,2,310,,,0
GDR_G1,2,311,,,0
GDR_G1,2,312,,,0
GDR_G1,2,313,,,0
GDR_G1,2,314,,,0
GDR_G1,2,315,,,0
GDR_G1,2,316,,,0
GDR_G1,2,317,,,0
GDR_G1,2,318,,,0
GDR_G1,2,319,,,0
GDR_G1,2,320,,,0
GDR_G1,2,321,,,0
GDR_G1,2,322,,,0
GDR_G1,2,323,,,0
GDR_G1,2,324,,,0
GDR_G1,2,325,,,0
GDR_G1,2,326,,,0
GDR_G1,2,327,,,0
GDR_G1,2,328,,,0
GDR_G1,2,329,,,0
GDR_G1,2,330,,,1
GDR_G1,2,331,,,1
GDR_G1,2,332,,,1
GDR_G1,2,333,,,1
GDR_G1,2,334,,,1
GDR_G1,2,335,,,1
GDR_G1,2,336,,,1
GDR_G1,2,337,,,1
GDR_G1,2,338,,,1
GDR_G1,2,339,,,1
GDR_G1,2,340,,,1
GDR_G1,2,341,,,1
GDR_G1,2,342,,,1
GDR_G1,2,343,,,1
GDR_G1,2,344,,,1
GDR_G1,2,345,,,1
GDR_G1,2,346,,,1
GDR_G1,2,347,,,1
GDR_G1,2,348,,,1
GDR_G1,2,349,,,1
GDR_G1,2,350,,,1
GDR_G1,2,351,,,1
GDR_G1,2,352,,,1
GDR_G1,2,353,,,1
GDR_G1,2,354,,,1
GDR_G1,2,355,,,1
GDR_G1,2,356,,,1
GDR_G1,2,357,,,1
GDR_G1,2,358,,,1
GDR_G1,2,359,,,1
GDR_G1,2,360,,,1
GDR_G1,2,361,,,1
GDR_G1,2,362,,,1
GDR_G1,2,363,,,1
GDR_G1,2,364,,,1
GDR_G1,2,365,,,1
GDR_G1,2,366,,,1
GDR_G1,2,367,,,1
GDR_G1,2,368,,,1
GDR_G1,2,369,,,1
GDR_G1,2,370,,,1
GDR_G1,2,371,,,1
GDR_G1,2,372,,,1
GDR_G1,2,373,,,1
GDR_G1,2,374,,,1
GDR_G1,2,375,,,1
GDR_G1,2,376,,,1
GDR_G1,2,377,,,1
GDR_G1,2,378,,,1
GDR_G1,2,379,,,1
GDR_G1,2,380,,,1
GDR_G1,2,381,,,1
GDR_G1,2,382,,,1
GDR_G1,2,383,,,1
GDR_G1,2,384,,,1
GDR_G1,2,385,,,1
GDR_G1,2,386,,,1
GDR_G1,2,387,,,1
GDR_G1,2,388,,,1
GDR_G1,2,389,,,1
GDR_G1,2,390,,,1
GDR_G1,2,391,,,1
GDR_G1,2,392,,,1
GDR_G1,2,393,,,1
GDR_G1,2,394,,,1
GDR_G1,2,395,,,1
GDR_G1,2,396,,,1
GDR_G1,2,397,,,1
GDR_G1,2,398,,,1
GDR_G1,2,399,,,1
GDR_G1,2,400,,,1
GDR_G1,2,401,,,1
GDR_G1,2,402,,,1
GDR_G1,2,403,,,1
GDR_G1,2,404,,,1
GDR_G1,2,405,,,1
GDR_G1,2,406,,,1
GDR_G1,2,407,,,1
GDR_G1,2,408,,,1
GDR_G1,2,409,,,1
GDR_G1,2,410,,,1
GDR_G1,2,411,,,1
GDR_G1,3,412,,,0
GDR_G1,3,413,,,0
GDR_G1,3,414,,,0
GDR_G1,3,415,,,0
GDR_G1,3,416,,,0
GDR_G1,3,417,,,0
GDR_G1,3,418,,,0
GDR_G1,3,419,,,0
GDR_G1,3,420,,,0
GDR_G1,3,421,,,0
GDR_G1,3,422,,,0
GDR_G1,3,423,,,0
GDR_G1,3,424,,,0
GDR_G1,3,425,,,0
GDR_G1,3,426,,,0
GDR_G1,3,427,,,0
GDR_G1,3,428,,,0
GDR_G1,3,429,,,0
GDR_G1,3,430,,,0
GDR_G1,3,431,,,0
GDR_G1,3,432,,,0
GDR_G1,3,433,,,0
GDR_G1,3,434,,,0
GDR_G1,3,435,,,0
GDR_G1,3,436,,,0
GDR_G1,3,437,,,0
GDR_G1,3,438,,,0
GDR_G1,3,439,,,0
GDR_G1,3,440,,,0
GDR_G1,3,441,,,0
GDR_G1,3,442,,,0
GDR_G1,3,443,,,0
GDR_G1,3,444,,,0
GDR_G1,3,445,,,0
GDR_G1,3,446,,,0
GDR_G1,3,447,,,0
GDR_G1,3,448,,,0
GDR_G1,3,449,,,0
GDR_G1,3,450,,,0
GDR_G1,3,451,,,0
GDR_G1,3,452,,,0
GDR_G1,3,453,,,0
GDR_G1,3,454,,,0
GDR_G1,3,455,,,0
GDR_G1,3,456,,,0
GDR_G1,3,457,,,0
GDR_G1,3,458,,,0
GDR_G1,3,459,,,1
GDR_G1,3,460,,,1
GDR_G1,3,461,,,1
GDR_G1,3,462,,,1
GDR_G1,3,463,,,1
GDR_G1,3,464,,,1
GDR_G1,3,465,,,1
GDR_G1,3,466,,,1
GDR_G1,3,467,,,1
GDR_G1,3,468,,,1
GDR_G1,3,469,,,1
GDR_G1,3,470,,,1
GDR_G1,3,471,,,1
GDR_G1,3,472,,,1
GDR_G1,3,473,,,1
GDR_G1,3,474,,,1
GDR_G1,3,475,,,1
GDR_G1,3,476,,,1
GDR_G1,3,477,,,1
GDR_G1,3,478,,,1
GDR_G1,3,479,,,1
GDR_G1,3,480,,,1
GDR_G1,3,481,,,1
GDR_G1,3,482,,,1
GDR_G1,3,483,,,1
GDR_G1,3,484,,,1
GDR_G1,3,485,,,1
GDR_G1,3,486,,,1
GDR_G1,3,487,,,1
GDR_G1,3,488,,,1
GDR_G1,3,489,,,1
GDR_G1,3,490,,,1
GDR_G1,3,491,,,1
GDR_G1,3,492,,,1
GDR_G1,3,493,,,1
GDR_G1,3,494,,,1
GDR_G1,3,495,,,1
GDR_G1,3,496,,,1
GDR_G1,3,497,,,1
GDR_G1,3,498,,,1
GDR_G1,3,499,,,1
GDR_G1,3,500,,,1
GDR_G1,3,501,,,1
GDR_G1,3,502,,,1
GDR_G1,3,503,,,1
GDR_G2,1,504,,,0
GDR_G2,1,505,,,0
GDR_G2,1,506,,,0
GDR_G2,1,507,,,0
GDR_G2,1,508,,,0
GDR_G2,1,509,,,0
GDR_G2,1,510,,,0
GDR_G2,1,511,,,0
GDR_G2,1,512,,,0
GDR_G2,1,513,,,0
GDR_G2,1,514,,,0
GDR_G2,1,515,,,0
GDR_G2,1,516,,,0
GDR_G2,1,517,,,0
GDR_G2,1,518,,,0
GDR_G2,1,519,,,0
GDR_G2,1,520,,,0
GDR_G2,1,521,,,0
GDR_G2,1,522,,,0
GDR_G2,1,523,,,0
GDR_G2,1,524,,,0
GDR_G2,1,525,,,0
GDR_G2,1,526,,,0
GDR_G2,1,527,,,0
GDR_G2,1,528,,,0
GDR_G2,1,529,,,0
GDR_G2,1,530,,,0
GDR_G2,1,531,,,0
GDR_G2,1,532,,,0
GDR_G2,1,533,,,0
GDR_G2,1,534,,,0
GDR_G2,1,535,,,0
GDR_G2,1,536,,,0
GDR_G2,1,537,,,0
GDR_G2,1,538,,,0
GDR_G2,1,539,,,0
GDR_G2,1,540,,,0
GDR_G2,1,541,,,0
GDR_G2,1,542,,,0
GDR_G2,1,543,,,0
GDR_G2,1,544,,,0
GDR_G2,1,545,,,0
GDR_G2,1,546,,,0
GDR_G2,1,547,,,0
GDR_G2,1,548,,,0
GDR_G2,1,549,,,0
GDR_G2,1,550,,,0
GDR_G2,1,551,,,0
GDR_G2,1,552,,,1
GDR_G2,1,553,,,1
GDR_G2,1,554,,,1
GDR_G2,1,555,,,1
GDR_G2,1,556,,,1
GDR_G2,1,557,,,1
GDR_G2,1,558,,,1
GDR_G2,1,559,,,1
GDR_G2,1,560,,,1
GDR_G2,1,561,,,1
GDR_G2,1,562,,,1
GDR_G2,1,563,,,1
GDR_G2,1,564,,,1
GDR_G2,1,565,,,1
GDR_G2,1,566,,,1
GDR_G2,1,567,,,1
GDR_G2,1,568,,,1
GDR_G2,1,569,,,1
GDR_G2,1,570,,,1
GDR_G2,1,571,,,1
GDR_G2,1,572,,,1
GDR_G2,1,573,,,1
GDR_G2,1,574,,,1
GDR_G2,1,575,,,1
GDR_G2,1,576,,,1
GDR_G2,1,577,,,1
GDR_G2,1,578,,,1
GDR_G2,1,579,,,1
GDR_G2,1,580,,,1
GDR_G2,1,581,,,1
GDR_G2,1,582,,,1
GDR_G2,1,583,,,1
GDR_G2,1,584,,,1
GDR_G2,1,585,,,1
GDR_G2,1,586,,,1
GDR_G2,1,587,,,1
GDR_G2,1,588,,,1
GDR_G2,1,589,,,1
GDR_G2,1,590,,,1
GDR_G2,1,591,,,1
GDR_G2,1,592,,,1
GDR_G2,1,593,,,1
GDR_G2,1,594,,,1
GDR_G2,1,595,,,1
GDR_G2,1,596,,,1
GDR_G2,2,597,,,0
GDR_G2,2,598,,,0
GDR_G2,2,599,,,0
GDR_G2,2,600,,,0
GDR_G2,2,601,,,0
GDR_G2,2,602,,,0
GDR_G2,2,603,,,0
GDR_G2,2,604,,,0
GDR_G2,2,605,,,0
GDR_G2,2,606,,,0
GDR_G2,2,607,,,0
GDR_G2,2,608,,,0
GDR_G2,2,609,,,0
GDR_G2,2,610,,,0
GDR_G2,2,611,,,0
GDR_G2,2,612,,,0
GDR_G2,2,613,,,0
GDR_G2,2,614,,,0
GDR_G2,2,615,,,0
GDR_G2,2,616,,,0
GDR_G2,2,617,,,0
GDR_G2,2,618,,,0
GDR_G2,2,619,,,0
GDR_G2,2,620,,,0
GDR_G2,2,621,,,0
GDR_G2,2,622,,,0
GDR_G2,2,623,,,0
GDR_G2,2,624,,,0
GDR_G2,2,625,,,0
GDR_G2,2,626,,,0
GDR_G2,2,627,,,0
GDR_G2,2,628,,,0
GDR_G2,2,629,,,1
GDR_G2,2,630,,,1
GDR_G2,2,631,,,1
GDR_G2,2,632,,,1
GDR_G2,2,633,,,1
GDR_G2,2,634,,,1
GDR_G2,2,635,,,1
GDR_G2,2,636,,,1
GDR_G2,2,637,,,1
GDR_G2,2,638,,,1
GDR_G2,2,639,,,1
GDR_G2,2,640,,,1
GDR_G2,2,641,,,1
GDR_G2,2,642,,,1
GDR_G2,2,643,,,1
GDR_G2,2,644,,,1
GDR_G2,2,645,,,1
GDR_G2,2,646,,,1
GDR_G2,2,647,,,1
GDR_G2,2,648,,,1
GDR_G2,2,649,,,1
GDR_G2,2,650,,,1
GDR_G2,2,651,,,1
GDR_G2,2,652,,,1
GDR_G2,2,653,,,1
GDR_G2,2,654,,,1
GDR_G2,2,655,,,1
GDR_G2,2,656,,,1
GDR_G2,2,657,,,1
GDR_G2,2,658,,,1
GDR_G2,2,659,,,1
GDR_G2,2,660,,,1
GDR_G2,3,661,,,0
GDR_G2,3,662,,,0
GDR_G2,3,663,,,0
GDR_G2,3,664,,,0
GDR_G2,3,665,,,0
GDR_G2,3,666,,,0
GDR_G2,3,667,,,0
GDR_G2,3,668,,,0
GDR_G2,3,669,,,0
GDR_G2,3,670,,,0
GDR_G2,3,671,,,0
GDR_G2,3,672,,,0
GDR_G2,3,673,,,0
GDR_G2,3,674,,,0
GDR_G2,3,675,,,0
GDR_G2,3,676,,,0
GDR_G2,3,677,,,0
GDR_G2,3,678,,,0
GDR_G2,3,679,,,0
GDR_G2,3,680,,,0
GDR_G2,3,681,,,0
GDR_G2,3,682,,,0
GDR_G2,3,683,,,0
GDR_G2,3,684,,,0
GDR_G2,3,685,,,0
GDR_G2,3,686,,,1
GDR_G2,3,687,,,1
GDR_G2,3,688,,,1
GDR_G2,3,689,,,1
GDR_G2,3,690,,,1
GDR_G2,3,691,,,1
GDR_G2,3,692,,,1
GDR_G2,3,693,,,1
GDR_G2,3,694,,,1
GDR_G2,3,695,,,1
GDR_G2,3,696,,,1
GDR_G2,3,697,,,1
GDR_G2,3,698,,,1
GDR_G2,3,699,,,1
GDR_G2,3,700,,,1
GDR_G2,3,701,,,1
GDR_G2,3,702,,,1
GDR_G2,3,703,,,1
GDR_G2,3,704,,,1
GDR_G2,3,705,,,1
GDR_G2,3,706,,,1
GDR_G2,3,707,,,1
GDR_G2,3,708,,,1
GDR_G2,3,709,,,1
GDR_G2,3,710,,,1
